000 | 0123456789 0123456789 0123456789 0123456789
001 | 0123456789 0123456789 0123456789 0123456789
002 | 0123456789 0123456789 0123456789 0123456789
003 | 0123456789 0123456789 0123456789 0123456789
004 | 0123456789 0123456789 0123456789 0123456789
005 | 0123456789 0123456789 0123456789 0123456789
006 | 0123456789 0123456789 0123456789 0123456789
007 | 0123456789 0123456789 0123456789 0123456789
008 | 0123456789 0123456789 0123456789 0123456789
009 | 0123456789 0123456789 0123456789 0123456789
010 | 0123456789 0123456789 0123456789 0123456789
011 | 0123456789 0123456789 0123456789 0123456789
012 | 0123456789 0123456789 0123456789 0123456789
013 | 0123456789 0123456789 0123456789 0123456789
014 | 0123456789 0123456789 0123456789 0123456789
015 | 0123456789 0123456789 0123456789 0123456789
016 | 0123456789 0123456789 0123456789 0123456789
017 | 0123456789 0123456789 0123456789 0123456789
018 | 0123456789 0123456789 0123456789 0123456789
019 | 0123456789 0123456789 0123456789 0123456789
